1000 1000 10 10
1 101 201 301 401 501 601 701 801 901
1 2 2
2 3 3
3 4 4
4 5 5
5 6 6
6 7 1
7 8 2
8 9 3
9 10 4
10 11 5
11 12 6
12 13 1
13 14 2
14 15 3
15 16 4
16 17 5
17 18 6
18 19 1
19 20 2
20 21 3
21 22 4
22 23 5
23 24 6
24 25 1
25 26 2
26 27 3
27 28 4
28 29 5
29 30 6
30 31 1
31 32 2
32 33 3
33 34 4
34 35 5
35 36 6
36 37 1
37 38 2
38 39 3
39 40 4
40 41 5
41 42 6
42 43 1
43 44 2
44 45 3
45 46 4
46 47 5
47 48 6
48 49 1
49 50 2
50 51 3
51 52 4
52 53 5
53 54 6
54 55 1
55 56 2
56 57 3
57 58 4
58 59 5
59 60 6
60 61 1
61 62 2
62 63 3
63 64 4
64 65 5
65 66 6
66 67 1
67 68 2
68 69 3
69 70 4
70 71 5
71 72 6
72 73 1
73 74 2
74 75 3
75 76 4
76 77 5
77 78 6
78 79 1
79 80 2
80 81 3
81 82 4
82 83 5
83 84 6
84 85 1
85 86 2
86 87 3
87 88 4
88 89 5
89 90 6
90 91 1
91 92 2
92 93 3
93 94 4
94 95 5
95 96 6
96 97 1
97 98 2
98 99 3
99 100 4
100 101 5
101 102 6
102 103 1
103 104 2
104 105 3
105 106 4
106 107 5
107 108 6
108 109 1
109 110 2
110 111 3
111 112 4
112 113 5
113 114 6
114 115 1
115 116 2
116 117 3
117 118 4
118 119 5
119 120 6
120 121 1
121 122 2
122 123 3
123 124 4
124 125 5
125 126 6
126 127 1
127 128 2
128 129 3
129 130 4
130 131 5
131 132 6
132 133 1
133 134 2
134 135 3
135 136 4
136 137 5
137 138 6
138 139 1
139 140 2
140 141 3
141 142 4
142 143 5
143 144 6
144 145 1
145 146 2
146 147 3
147 148 4
148 149 5
149 150 6
150 151 1
151 152 2
152 153 3
153 154 4
154 155 5
155 156 6
156 157 1
157 158 2
158 159 3
159 160 4
160 161 5
161 162 6
162 163 1
163 164 2
164 165 3
165 166 4
166 167 5
167 168 6
168 169 1
169 170 2
170 171 3
171 172 4
172 173 5
173 174 6
174 175 1
175 176 2
176 177 3
177 178 4
178 179 5
179 180 6
180 181 1
181 182 2
182 183 3
183 184 4
184 185 5
185 186 6
186 187 1
187 188 2
188 189 3
189 190 4
190 191 5
191 192 6
192 193 1
193 194 2
194 195 3
195 196 4
196 197 5
197 198 6
198 199 1
199 200 2
200 201 3
201 202 4
202 203 5
203 204 6
204 205 1
205 206 2
206 207 3
207 208 4
208 209 5
209 210 6
210 211 1
211 212 2
212 213 3
213 214 4
214 215 5
215 216 6
216 217 1
217 218 2
218 219 3
219 220 4
220 221 5
221 222 6
222 223 1
223 224 2
224 225 3
225 226 4
226 227 5
227 228 6
228 229 1
229 230 2
230 231 3
231 232 4
232 233 5
233 234 6
234 235 1
235 236 2
236 237 3
237 238 4
238 239 5
239 240 6
240 241 1
241 242 2
242 243 3
243 244 4
244 245 5
245 246 6
246 247 1
247 248 2
248 249 3
249 250 4
250 251 5
251 252 6
252 253 1
253 254 2
254 255 3
255 256 4
256 257 5
257 258 6
258 259 1
259 260 2
260 261 3
261 262 4
262 263 5
263 264 6
264 265 1
265 266 2
266 267 3
267 268 4
268 269 5
269 270 6
270 271 1
271 272 2
272 273 3
273 274 4
274 275 5
275 276 6
276 277 1
277 278 2
278 279 3
279 280 4
280 281 5
281 282 6
282 283 1
283 284 2
284 285 3
285 286 4
286 287 5
287 288 6
288 289 1
289 290 2
290 291 3
291 292 4
292 293 5
293 294 6
294 295 1
295 296 2
296 297 3
297 298 4
298 299 5
299 300 6
300 301 1
301 302 2
302 303 3
303 304 4
304 305 5
305 306 6
306 307 1
307 308 2
308 309 3
309 310 4
310 311 5
311 312 6
312 313 1
313 314 2
314 315 3
315 316 4
316 317 5
317 318 6
318 319 1
319 320 2
320 321 3
321 322 4
322 323 5
323 324 6
324 325 1
325 326 2
326 327 3
327 328 4
328 329 5
329 330 6
330 331 1
331 332 2
332 333 3
333 334 4
334 335 5
335 336 6
336 337 1
337 338 2
338 339 3
339 340 4
340 341 5
341 342 6
342 343 1
343 344 2
344 345 3
345 346 4
346 347 5
347 348 6
348 349 1
349 350 2
350 351 3
351 352 4
352 353 5
353 354 6
354 355 1
355 356 2
356 357 3
357 358 4
358 359 5
359 360 6
360 361 1
361 362 2
362 363 3
363 364 4
364 365 5
365 366 6
366 367 1
367 368 2
368 369 3
369 370 4
370 371 5
371 372 6
372 373 1
373 374 2
374 375 3
375 376 4
376 377 5
377 378 6
378 379 1
379 380 2
380 381 3
381 382 4
382 383 5
383 384 6
384 385 1
385 386 2
386 387 3
387 388 4
388 389 5
389 390 6
390 391 1
391 392 2
392 393 3
393 394 4
394 395 5
395 396 6
396 397 1
397 398 2
398 399 3
399 400 4
400 401 5
401 402 6
402 403 1
403 404 2
404 405 3
405 406 4
406 407 5
407 408 6
408 409 1
409 410 2
410 411 3
411 412 4
412 413 5
413 414 6
414 415 1
415 416 2
416 417 3
417 418 4
418 419 5
419 420 6
420 421 1
421 422 2
422 423 3
423 424 4
424 425 5
425 426 6
426 427 1
427 428 2
428 429 3
429 430 4
430 431 5
431 432 6
432 433 1
433 434 2
434 435 3
435 436 4
436 437 5
437 438 6
438 439 1
439 440 2
440 441 3
441 442 4
442 443 5
443 444 6
444 445 1
445 446 2
446 447 3
447 448 4
448 449 5
449 450 6
450 451 1
451 452 2
452 453 3
453 454 4
454 455 5
455 456 6
456 457 1
457 458 2
458 459 3
459 460 4
460 461 5
461 462 6
462 463 1
463 464 2
464 465 3
465 466 4
466 467 5
467 468 6
468 469 1
469 470 2
470 471 3
471 472 4
472 473 5
473 474 6
474 475 1
475 476 2
476 477 3
477 478 4
478 479 5
479 480 6
480 481 1
481 482 2
482 483 3
483 484 4
484 485 5
485 486 6
486 487 1
487 488 2
488 489 3
489 490 4
490 491 5
491 492 6
492 493 1
493 494 2
494 495 3
495 496 4
496 497 5
497 498 6
498 499 1
499 500 2
500 501 3
501 502 4
502 503 5
503 504 6
504 505 1
505 506 2
506 507 3
507 508 4
508 509 5
509 510 6
510 511 1
511 512 2
512 513 3
513 514 4
514 515 5
515 516 6
516 517 1
517 518 2
518 519 3
519 520 4
520 521 5
521 522 6
522 523 1
523 524 2
524 525 3
525 526 4
526 527 5
527 528 6
528 529 1
529 530 2
530 531 3
531 532 4
532 533 5
533 534 6
534 535 1
535 536 2
536 537 3
537 538 4
538 539 5
539 540 6
540 541 1
541 542 2
542 543 3
543 544 4
544 545 5
545 546 6
546 547 1
547 548 2
548 549 3
549 550 4
550 551 5
551 552 6
552 553 1
553 554 2
554 555 3
555 556 4
556 557 5
557 558 6
558 559 1
559 560 2
560 561 3
561 562 4
562 563 5
563 564 6
564 565 1
565 566 2
566 567 3
567 568 4
568 569 5
569 570 6
570 571 1
571 572 2
572 573 3
573 574 4
574 575 5
575 576 6
576 577 1
577 578 2
578 579 3
579 580 4
580 581 5
581 582 6
582 583 1
583 584 2
584 585 3
585 586 4
586 587 5
587 588 6
588 589 1
589 590 2
590 591 3
591 592 4
592 593 5
593 594 6
594 595 1
595 596 2
596 597 3
597 598 4
598 599 5
599 600 6
600 601 1
601 602 2
602 603 3
603 604 4
604 605 5
605 606 6
606 607 1
607 608 2
608 609 3
609 610 4
610 611 5
611 612 6
612 613 1
613 614 2
614 615 3
615 616 4
616 617 5
617 618 6
618 619 1
619 620 2
620 621 3
621 622 4
622 623 5
623 624 6
624 625 1
625 626 2
626 627 3
627 628 4
628 629 5
629 630 6
630 631 1
631 632 2
632 633 3
633 634 4
634 635 5
635 636 6
636 637 1
637 638 2
638 639 3
639 640 4
640 641 5
641 642 6
642 643 1
643 644 2
644 645 3
645 646 4
646 647 5
647 648 6
648 649 1
649 650 2
650 651 3
651 652 4
652 653 5
653 654 6
654 655 1
655 656 2
656 657 3
657 658 4
658 659 5
659 660 6
660 661 1
661 662 2
662 663 3
663 664 4
664 665 5
665 666 6
666 667 1
667 668 2
668 669 3
669 670 4
670 671 5
671 672 6
672 673 1
673 674 2
674 675 3
675 676 4
676 677 5
677 678 6
678 679 1
679 680 2
680 681 3
681 682 4
682 683 5
683 684 6
684 685 1
685 686 2
686 687 3
687 688 4
688 689 5
689 690 6
690 691 1
691 692 2
692 693 3
693 694 4
694 695 5
695 696 6
696 697 1
697 698 2
698 699 3
699 700 4
700 701 5
701 702 6
702 703 1
703 704 2
704 705 3
705 706 4
706 707 5
707 708 6
708 709 1
709 710 2
710 711 3
711 712 4
712 713 5
713 714 6
714 715 1
715 716 2
716 717 3
717 718 4
718 719 5
719 720 6
720 721 1
721 722 2
722 723 3
723 724 4
724 725 5
725 726 6
726 727 1
727 728 2
728 729 3
729 730 4
730 731 5
731 732 6
732 733 1
733 734 2
734 735 3
735 736 4
736 737 5
737 738 6
738 739 1
739 740 2
740 741 3
741 742 4
742 743 5
743 744 6
744 745 1
745 746 2
746 747 3
747 748 4
748 749 5
749 750 6
750 751 1
751 752 2
752 753 3
753 754 4
754 755 5
755 756 6
756 757 1
757 758 2
758 759 3
759 760 4
760 761 5
761 762 6
762 763 1
763 764 2
764 765 3
765 766 4
766 767 5
767 768 6
768 769 1
769 770 2
770 771 3
771 772 4
772 773 5
773 774 6
774 775 1
775 776 2
776 777 3
777 778 4
778 779 5
779 780 6
780 781 1
781 782 2
782 783 3
783 784 4
784 785 5
785 786 6
786 787 1
787 788 2
788 789 3
789 790 4
790 791 5
791 792 6
792 793 1
793 794 2
794 795 3
795 796 4
796 797 5
797 798 6
798 799 1
799 800 2
800 801 3
801 802 4
802 803 5
803 804 6
804 805 1
805 806 2
806 807 3
807 808 4
808 809 5
809 810 6
810 811 1
811 812 2
812 813 3
813 814 4
814 815 5
815 816 6
816 817 1
817 818 2
818 819 3
819 820 4
820 821 5
821 822 6
822 823 1
823 824 2
824 825 3
825 826 4
826 827 5
827 828 6
828 829 1
829 830 2
830 831 3
831 832 4
832 833 5
833 834 6
834 835 1
835 836 2
836 837 3
837 838 4
838 839 5
839 840 6
840 841 1
841 842 2
842 843 3
843 844 4
844 845 5
845 846 6
846 847 1
847 848 2
848 849 3
849 850 4
850 851 5
851 852 6
852 853 1
853 854 2
854 855 3
855 856 4
856 857 5
857 858 6
858 859 1
859 860 2
860 861 3
861 862 4
862 863 5
863 864 6
864 865 1
865 866 2
866 867 3
867 868 4
868 869 5
869 870 6
870 871 1
871 872 2
872 873 3
873 874 4
874 875 5
875 876 6
876 877 1
877 878 2
878 879 3
879 880 4
880 881 5
881 882 6
882 883 1
883 884 2
884 885 3
885 886 4
886 887 5
887 888 6
888 889 1
889 890 2
890 891 3
891 892 4
892 893 5
893 894 6
894 895 1
895 896 2
896 897 3
897 898 4
898 899 5
899 900 6
900 901 1
901 902 2
902 903 3
903 904 4
904 905 5
905 906 6
906 907 1
907 908 2
908 909 3
909 910 4
910 911 5
911 912 6
912 913 1
913 914 2
914 915 3
915 916 4
916 917 5
917 918 6
918 919 1
919 920 2
920 921 3
921 922 4
922 923 5
923 924 6
924 925 1
925 926 2
926 927 3
927 928 4
928 929 5
929 930 6
930 931 1
931 932 2
932 933 3
933 934 4
934 935 5
935 936 6
936 937 1
937 938 2
938 939 3
939 940 4
940 941 5
941 942 6
942 943 1
943 944 2
944 945 3
945 946 4
946 947 5
947 948 6
948 949 1
949 950 2
950 951 3
951 952 4
952 953 5
953 954 6
954 955 1
955 956 2
956 957 3
957 958 4
958 959 5
959 960 6
960 961 1
961 962 2
962 963 3
963 964 4
964 965 5
965 966 6
966 967 1
967 968 2
968 969 3
969 970 4
970 971 5
971 972 6
972 973 1
973 974 2
974 975 3
975 976 4
976 977 5
977 978 6
978 979 1
979 980 2
980 981 3
981 982 4
982 983 5
983 984 6
984 985 1
985 986 2
986 987 3
987 988 4
988 989 5
989 990 6
990 991 1
991 992 2
992 993 3
993 994 4
994 995 5
995 996 6
996 997 1
997 998 2
998 999 3
999 1000 4
1000 1 1
1
101
201
301
401
501
601
701
801
901
