2020 3220
1865 1417 92833
1544 822 12789
1666 1621 44677
450 1102 89192
32 772 80934
1798 286 49255
444 1184 32534
351 537 48
1619 1937 55243
81 804 65398
1113 1383 16021
1695 1577 92956
972 1165 18387
39 151 9968
632 1000 86615
616 390 28825
941 1364 6331
692 1438 21363
1502 996 95464
412 517 47018
1285 545 27005
1370 1960 42216
192 200 92706
223 341 34911
1716 643 71095
1271 562 19108
1175 1070 13441
442 1588 22489
526 1959 99441
512 2015 19426
430 1382 67067
862 429 43998
782 889 94436
1635 175 91335
1095 812 90293
137 1307 5800
1609 1210 95326
1550 638 93178
1088 1287 86200
1567 1755 85676
723 1014 48587
1980 1828 12582
1988 1359 72138
1124 1168 39090
851 920 13718
1332 1582 7063
1465 996 85409
238 655 55641
451 611 72021
1259 1920 84279
1892 1876 39226
1016 126 97356
548 1956 41259
1997 2006 73675
1855 1636 31983
663 1285 4333
1363 1578 39119
501 1441 52470
733 1495 28910
1656 1100 78404
1020 290 85011
1160 614 62096
968 1582 59885
162 1137 76460
332 1941 91655
621 1373 61035
1729 988 38627
517 1518 47554
1481 2012 6756
152 1145 46635
997 498 37530
509 384 77652
1131 431 38734
1744 201 51593
2015 956 74377
798 351 13450
635 57 46329
1769 1267 21036
1455 324 92741
632 61 77083
152 1492 43508
758 877 98955
1640 51 72159
235 138 57623
1351 876 14316
152 1924 19914
1159 234 84561
681 1190 87092
1007 1975 73008
1086 286 10392
896 358 29753
1317 1434 26976
1998 541 56219
915 1528 91306
337 1149 85807
808 165 44842
559 470 56374
782 1777 57086
1391 1117 8251
1958 1159 87893
791 1714 70404
219 1490 45303
149 907 37672
895 1532 17314
788 39 57984
1277 1774 22489
1829 1897 84380
380 1178 84321
1425 1861 59433
1068 987 11754
1102 1512 44913
906 262 860
496 91 91270
647 2003 35980
1215 1941 85957
1422 825 74376
1771 399 45709
1692 1044 23810
310 167 45268
1066 1483 30449
658 1393 47687
223 1974 19557
33 1379 90575
1532 690 43400
107 489 3574
757 2015 61099
250 1933 98094
917 1497 692
115 367 58526
317 1663 37149
490 243 35657
229 88 20987
1964 1727 32137
553 855 38234
567 1403 6412
582 1922 37588
760 1110 5677
1908 1976 17652
1748 1889 66896
67 666 96754
1308 1801 69074
328 1672 78029
975 1955 83854
1592 1524 47383
103 1301 99191
1724 435 36470
1482 2007 4822
684 1920 21402
1196 227 96410
896 149 1198
1406 339 325
1606 1534 44702
1271 657 3966
868 1541 20123
1579 1559 58877
1397 192 3962
1715 1270 98671
1126 1950 58383
738 831 58006
827 1212 18599
1024 496 87146
1899 1014 94498
1198 1907 28057
921 1047 31665
1591 1497 4705
786 1239 14190
40 209 21045
190 1424 17348
1784 1393 75714
1149 930 68532
602 819 6770
94 1282 49306
365 1971 5440
889 691 47538
193 590 17194
762 1732 45832
30 233 6897
454 899 94373
1291 1643 15104
897 806 3818
1417 597 67455
855 1998 14762
1086 361 96048
1413 1025 42937
25 1134 85123
788 514 67413
192 852 7405
1572 273 43056
899 12 56532
1146 397 59155
1137 50 65938
435 1563 52669
1382 1166 36710
1428 1902 8618
427 343 92567
107 835 63634
1849 1407 51382
936 165 20337
1687 1459 67501
2007 1092 93104
1072 923 2890
2000 1885 32502
1772 1232 25036
1069 1690 75765
1775 1940 53534
439 1477 41876
1032 265 10481
443 861 82891
1303 1615 91746
1852 459 38005
1262 1391 14861
302 1671 76980
2014 189 80519
1443 697 67475
1011 1946 44192
1379 705 48925
422 209 17602
760 1713 66574
1234 660 69421
730 556 71334
1359 1971 93679
1433 288 1522
135 1875 4750
1717 1983 38292
1333 752 13151
1743 1860 38577
885 1405 81711
862 72 69980
765 400 37141
909 19 64159
1920 214 75456
1949 1075 7539
1728 173 4466
1376 196 36086
913 845 34060
437 151 68031
407 1859 49497
23 736 74927
548 1279 4334
893 913 40316
723 1780 23477
919 490 83458
1017 122 78027
882 1200 38388
88 947 4160
1971 1069 12132
1183 986 62370
1248 282 9350
917 1849 50629
688 1279 92708
1730 806 71015
1815 1193 86106
630 303 18125
916 1131 88425
1633 1342 57239
1133 297 50183
1057 1987 3263
1017 1492 35602
1555 448 27885
2010 1319 31144
1284 782 87273
579 360 42323
1691 77 52187
1828 48 33610
173 1714 38661
574 328 38416
1387 919 6236
1849 700 34803
437 1070 23453
1631 1238 6240
978 1601 20366
1090 1146 1527
738 1396 22039
1679 577 19944
1486 128 69316
1502 1956 56421
211 1403 83892
820 586 29498
1624 736 87585
1716 983 88657
434 842 9146
1371 1624 7473
1220 6 26217
682 557 8261
921 1528 15098
1313 1778 74451
502 646 17560
1399 72 54770
1594 1194 65685
953 1057 80203
806 1304 16157
552 695 53301
58 1631 60704
700 1420 69129
512 354 65802
232 573 22927
9 1055 43919
1830 8 65536
136 356 34570
1917 1381 1421
1624 1124 16246
841 1605 44066
1705 711 53660
1231 1769 34457
1996 685 20786
419 548 99715
642 1081 75622
993 1735 996
678 305 66991
1676 160 57136
1869 1817 21066
1146 46 53752
256 1793 72940
1062 267 95762
1484 352 34813
1551 1354 62406
1603 182 82914
1822 1357 65997
1062 728 93150
1627 1894 18865
309 1061 85258
1752 15 25911
1606 873 44140
955 1968 17853
218 312 50884
427 411 99198
1912 1638 92632
244 660 5792
1917 619 46044
1459 1597 46689
965 1906 74112
314 1382 31051
1964 2013 91759
940 747 56242
1389 252 23205
201 1518 54109
177 1762 2036
1696 629 78158
61 357 55452
1855 1081 61996
690 65 16671
1193 1995 17666
471 1233 49992
516 913 55801
1417 541 52744
2012 1848 82500
1829 1449 39185
735 1958 83511
1829 608 80944
350 1040 7410
477 948 88021
664 1629 12672
468 533 65323
1330 1740 63793
1195 1500 18308
1468 1851 45917
408 1921 83138
1956 1837 82445
483 1720 83185
998 1970 4823
58 170 7736
1182 370 41585
2002 1188 20556
1052 664 36071
478 1976 6774
416 1782 45195
611 1681 41588
830 1936 16094
1826 1184 17865
1934 487 23879
22 1664 35665
1421 1787 87866
830 310 51790
1433 1123 50541
1245 759 98632
1185 849 36463
1164 1718 21464
2015 1181 321
1732 1083 67503
1449 1609 81237
1606 364 9489
545 1651 9406
1024 517 21832
864 627 1787
108 1946 32453
931 1861 60887
1581 1695 57522
1130 1535 62992
629 430 72294
1647 1330 29650
903 118 90370
1720 179 82002
82 1765 51664
1582 1768 67754
226 550 73465
1625 1186 90686
178 846 94645
221 876 14441
302 490 42646
3 329 55290
1469 377 19739
1748 416 28008
567 3 95443
630 1336 93738
575 1322 25002
1110 1236 8652
1911 1900 70837
1708 90 16758
1013 1661 48042
1420 111 41158
1865 640 70533
1585 393 85500
235 1096 1745
224 662 67246
1794 1964 81284
165 380 51775
1986 770 13700
1086 1344 72227
1595 1652 96514
1717 716 11315
1001 127 27707
753 1670 61258
646 709 99927
555 1770 13772
399 639 91343
1901 1151 18890
1863 1677 36658
1619 860 55755
1607 1556 86393
252 1863 82857
730 1326 12022
1868 1299 2637
603 177 71512
79 1116 19983
1114 277 95661
1183 1392 24311
880 1343 81149
939 498 23868
797 1828 60316
1618 223 55658
1152 1130 905
606 953 40463
1340 851 77502
1556 1860 45927
1891 1005 16860
337 617 37533
1359 729 25524
161 214 70791
1364 1755 26290
1144 1513 6674
282 669 98465
1230 214 80642
71 100 2223
1149 1453 99473
883 232 6779
732 1925 68737
1675 1333 15426
444 222 32331
515 803 52293
1802 79 2955
709 396 65741
927 1037 90439
1687 230 73793
1449 767 34481
1425 1954 56779
1119 1352 46070
892 1334 46443
335 1595 84382
1778 614 66675
1084 1385 57528
880 362 81193
471 1853 60487
441 1223 84866
1367 1060 43447
1581 1412 94629
1257 234 61619
1571 871 59550
1134 820 86535
608 1103 7525
1402 1599 13839
915 1889 5245
84 1887 928
866 1560 16601
1368 114 17528
791 801 70284
1882 51 10881
702 500 93595
1973 110 46126
64 1230 99923
1906 1693 84011
1299 1406 4797
997 1306 49274
1133 595 92383
584 13 51837
942 262 34723
17 1265 32771
77 151 82176
1599 480 72602
1129 1770 87417
1242 1878 93307
1656 692 51994
298 1213 65148
139 839 35527
91 520 52585
68 2007 85984
1996 71 73148
995 1647 40968
105 61 84923
330 351 51746
1785 1828 80777
1864 51 80290
1657 532 43315
632 903 78032
1475 1283 98281
934 1213 48535
1940 1278 40466
379 1970 927
962 640 25080
812 197 38914
939 134 49549
316 550 22896
1361 73 63364
866 877 93093
180 1885 25427
1743 1953 28377
2006 338 1386
1706 233 27975
430 12 57664
232 669 46116
404 311 84663
776 925 38851
141 796 70634
967 995 43228
1859 2010 17157
1810 262 50178
1278 12 13709
1485 1363 62447
292 815 45913
923 961 26898
1779 1107 71868
385 1778 79861
1080 1891 49150
671 1 69976
1878 673 18479
941 1929 42551
697 1757 84617
1420 2002 23272
265 1209 46092
1176 1562 78163
1428 972 69234
1759 1118 76541
614 297 72476
197 494 90725
1130 1266 24755
162 1607 89035
80 648 89203
890 762 63592
1273 1374 85895
455 100 52825
114 1641 34755
1035 382 1570
126 1209 76777
971 1443 79957
1767 362 82150
1059 440 17606
1317 1416 81006
1693 1661 16039
512 569 73230
1708 869 94363
589 1211 23305
2009 944 68047
52 927 2834
924 1919 61379
1886 754 56483
121 188 19378
1585 102 21087
196 172 44991
205 1939 94556
918 944 80950
376 816 39489
1632 1019 30710
1893 1771 82410
970 1208 51799
1050 590 758
1149 1005 83196
852 791 71700
741 407 13178
1048 1816 70838
1815 162 27928
1497 648 14354
230 2019 62886
1563 1376 3784
1408 614 66054
1180 80 55404
1844 929 85498
1585 1366 49803
1071 1787 35652
619 639 93908
1685 1049 33090
981 170 10663
505 653 46865
232 329 93194
944 1482 43754
1410 1105 86361
842 1929 54360
216 1997 77555
1079 1421 29149
246 1162 62784
1627 1899 73586
1648 996 94974
1565 36 34319
39 929 6511
1343 1471 25458
819 49 42076
1062 927 12701
130 1714 96054
934 1132 75587
1100 845 99363
968 570 47710
1621 412 81559
1413 1357 22708
1778 684 8230
1390 1157 48442
1455 941 45483
609 1019 62141
559 765 49787
867 1933 71328
758 1506 69207
1771 1748 9730
345 1715 64242
1241 301 88638
885 444 97110
1445 125 59420
1696 357 70902
1574 1710 56369
488 874 492
1387 312 35327
1996 1961 19051
1720 1175 53028
425 1699 95948
768 1955 54143
1746 1838 18539
1129 89 57533
5 1027 91951
652 1947 4884
55 1495 4965
1365 1562 47034
576 1585 27131
399 1026 65093
1014 1371 37147
283 1141 17667
262 688 68627
565 886 33194
609 1270 6784
815 791 20128
1864 1860 10152
1877 1528 86930
482 422 1908
1158 65 12690
999 1873 94788
824 1078 45611
1831 2001 43461
390 107 92327
1212 1115 68375
894 664 97512
1211 1364 80490
413 996 53327
1471 1025 31720
1016 88 52773
240 1760 25606
640 395 41748
1982 155 88065
589 1118 97935
775 685 76510
733 702 5742
1471 398 70688
752 1208 39144
1066 671 11040
1622 1286 5307
1851 927 32990
2015 1319 39662
1590 1926 31322
754 481 23765
371 1657 86374
422 847 98628
452 1093 89339
1757 1836 82949
88 1184 84124
1087 1942 61105
611 1227 13842
1683 1976 73341
1554 1500 46990
1934 503 13356
1837 759 81384
1982 704 42443
1193 483 22532
1789 895 79586
206 333 88802
366 164 48176
1314 86 2408
1937 668 1878
1834 395 46368
56 1537 6360
1473 1998 32250
1012 1079 94768
1890 1538 37909
1355 270 94700
631 687 41020
1235 736 3865
1755 2010 50890
1549 1675 2315
294 1136 68476
636 976 51179
1651 1489 78683
844 1796 43520
1477 1793 11851
665 622 43279
1997 407 68916
997 1954 48116
1484 1546 76193
1297 1527 57894
459 1523 8816
900 1270 25675
1726 305 3475
404 1266 87441
880 890 50103
1827 1711 36403
1114 103 30938
1178 1176 948
1616 345 35995
269 1362 38976
1010 1397 28521
1697 513 54718
1432 1727 58614
1327 65 99421
1621 1862 4947
1383 1104 80429
1675 601 53354
933 898 14949
1201 1065 94623
1003 924 21685
506 268 12574
1038 388 88215
1903 1467 12530
85 64 49287
10 1293 69433
1410 1844 87760
1467 1454 92831
717 1225 66902
1567 635 55654
1326 835 86170
788 1990 13013
1613 1511 97150
1769 1403 98731
1311 148 12489
68 1074 65197
1594 1346 97958
334 1482 82095
888 1618 59725
1 1593 90038
1658 1211 83885
986 896 53422
1725 559 25643
1469 599 35015
1340 584 29929
385 1630 46211
1413 1566 62767
1824 809 79913
1068 69 31058
1528 1069 30811
1671 371 356
1228 516 25062
1555 1344 98662
1083 1666 42840
322 1822 81867
36 1457 28091
2002 932 99438
678 1325 93682
248 1220 70705
1738 1904 25949
1215 1050 79847
158 1541 22413
192 47 46850
1412 1775 48293
1437 1208 73895
1223 1232 60312
820 371 82763
1887 1252 5662
1256 1374 96789
1628 1543 80574
1670 1597 51551
695 1387 62783
1979 558 90904
1829 1786 30636
1849 417 95238
1663 897 11168
463 578 40569
910 2012 97810
1753 405 90612
500 222 21346
1902 1908 28287
194 1538 10099
918 1284 40652
1432 841 15721
272 65 43867
2006 1873 67208
1229 130 13442
950 326 5934
503 1137 29080
350 4 55594
681 855 88725
1517 1931 26299
130 632 35466
1705 1922 38164
411 1393 76848
352 1891 3544
189 900 8218
1589 121 29197
244 761 76836
38 806 47945
781 71 61428
1086 487 5739
1530 682 35020
646 197 78498
1380 1289 54389
2013 46 87004
1602 1570 63622
1 1936 33338
1035 1170 74877
1553 20 49543
1573 1115 64594
663 936 70372
1268 993 60948
1493 1544 78008
937 1595 75154
998 1164 96645
283 90 70308
225 1660 97889
1520 444 19685
1014 273 40871
33 239 87452
1723 1044 4419
33 1982 46857
987 511 82740
145 662 55972
1475 532 57877
295 1094 76115
1021 1805 27205
1572 562 41226
1776 303 81732
1046 767 97973
1129 344 53090
183 783 44527
774 668 23937
508 485 52276
1993 148 68108
246 876 68086
347 810 77858
1545 438 57836
214 1644 51164
672 45 99475
429 1063 52775
1368 890 76522
1242 1414 71128
679 1412 12693
410 1765 48549
1214 652 69997
581 410 83940
1019 1504 54456
1240 1230 66471
1556 310 14529
141 1744 7612
427 1088 89745
577 506 56953
361 1562 90464
1966 1605 54826
1419 1121 22462
1111 780 32263
363 234 38223
1876 1977 90010
1161 467 35090
442 1450 56522
1872 305 74361
1223 653 57426
743 795 53762
562 801 41996
1277 86 50931
470 1020 17511
1195 522 39863
739 1577 74601
450 201 79733
73 993 73234
1442 59 23161
1272 378 57662
139 578 14040
880 1876 62825
33 742 95388
612 977 36743
184 1502 68442
1537 1560 32946
879 1248 19185
1165 1138 9864
1457 124 88274
898 105 64377
104 764 25588
1271 186 26806
170 539 91673
568 1870 42026
824 597 98678
869 449 23510
590 556 12158
1973 1300 3042
1648 1158 43375
1183 446 61163
721 424 71917
1921 1947 54152
429 1730 13673
1283 819 82518
948 1779 28389
843 370 72704
844 812 47828
663 1081 81439
1121 1520 26876
690 1818 66503
1357 103 96297
1592 1352 16441
401 954 38840
387 1462 28899
1161 41 84485
1384 680 3210
1363 495 94579
771 710 88570
330 802 38221
1326 816 1135
1118 669 59188
890 1962 90666
1453 1996 75713
930 1212 50279
615 325 93037
543 154 25568
1988 385 53543
282 1271 78927
1444 57 96734
208 765 98921
538 939 44796
1872 263 69875
1946 62 18380
1666 1419 89965
1393 854 39489
1758 1521 20493
782 1371 45318
1621 420 91268
531 688 9896
1588 1608 2510
627 61 87357
1781 819 68296
73 51 40545
796 354 79170
1436 1167 10054
513 832 1842
640 404 6574
1581 1858 93817
1448 338 51831
1022 1643 90344
1725 582 43880
57 857 14633
700 998 16195
765 1697 91995
813 782 44947
350 1072 14103
44 536 24442
294 589 71287
151 1882 1741
1700 455 73789
1643 2016 24521
836 975 32059
1722 1483 16406
1245 612 24109
1025 1916 71571
1178 849 68560
1055 1497 10629
1705 1468 83292
1283 1928 41970
1455 204 2941
1163 121 77455
377 24 69315
1054 509 8725
1431 1730 31649
729 1205 81181
1915 1443 59240
1569 1564 25982
1819 98 97954
1096 523 11793
32 2002 7617
709 823 58208
442 1756 78825
93 384 51004
840 628 32641
415 258 22426
1482 780 22680
5 1749 11911
350 1474 70676
253 20 90492
677 1570 71003
1276 1240 8676
76 624 38572
1517 174 89436
1150 1468 70628
249 1241 37081
1705 291 45255
135 83 8221
745 1536 64411
1875 1064 44209
594 827 86704
1478 386 31876
1855 1381 21113
445 603 3751
255 599 64586
276 136 19327
811 1665 20029
1039 1661 54647
251 519 92212
363 1653 87612
32 1841 25726
977 2018 56586
684 134 73263
660 634 51370
27 432 92329
1844 467 75398
585 1438 37283
802 958 29015
1595 422 88621
1119 1006 66169
1259 1394 46120
566 1562 88462
221 810 47898
457 1567 17992
906 1087 39433
1511 1303 47220
1666 204 11376
1946 1929 12192
1936 14 28299
1533 1045 4134
967 989 12602
1012 755 19169
48 710 38131
2000 1014 78266
687 415 10562
128 1503 1770
1609 722 73743
680 438 58360
1657 1632 31624
946 1889 20588
1131 499 48084
943 1304 13179
1638 268 75092
441 1622 53079
1774 1888 70060
379 487 14097
170 1333 19731
691 536 48323
1154 1490 42075
1162 553 98804
1662 263 22854
1246 859 49508
1944 275 54080
1916 1160 14988
1321 1292 38781
1544 170 27126
474 919 44958
532 1362 24971
756 1837 16971
1830 1331 97769
1051 1931 14885
214 1131 55051
1349 1743 43546
696 69 84049
1886 1010 22995
33 616 49742
1888 1402 89766
1028 324 29684
1345 133 65501
806 1332 21851
854 181 44079
1321 335 1945
1191 1718 71475
1269 1990 45593
83 503 80303
1095 1542 79730
145 1962 57511
8 13 33074
926 1845 7124
570 843 11022
1902 1305 94262
834 972 73007
332 1927 4623
951 671 84677
1709 1203 71527
1337 615 34131
1269 713 74962
1867 1998 21896
89 948 29817
981 839 38174
1047 780 41601
1372 1464 94893
1770 472 32867
1154 1246 88839
1270 256 20774
193 1520 15389
502 766 74652
1289 899 27869
1858 506 25936
1634 686 62018
995 36 85601
874 852 53828
1744 298 86909
141 1545 7512
1666 1 73341
476 6 23472
1032 350 63675
176 1799 25911
1238 926 49483
310 54 14569
1539 188 53239
653 348 56258
1012 1305 447
1727 1546 49666
1865 1031 83924
1833 1626 20824
1775 556 171
1383 1452 54302
1425 273 1637
1940 1492 71708
1869 1663 93606
1174 1079 67720
645 678 1118
444 1415 90763
896 950 66191
73 1504 14615
1667 385 47531
984 354 8833
595 1307 31288
1899 1467 55652
105 1148 11787
942 1613 41200
1104 391 94151
476 1119 35184
1781 1095 99775
1650 161 35399
1902 587 34270
610 254 46942
1908 1685 34724
1622 1747 44931
1505 1189 64163
178 1249 66128
142 51 95209
1680 703 29757
1530 541 86530
1341 316 54122
1180 113 67810
1321 1293 37464
1470 127 75414
153 2017 81033
1866 1260 81409
1412 1301 36621
1631 1807 5903
1718 234 58887
996 1502 74830
719 1128 91997
1314 1250 36567
1471 827 68854
706 1733 7253
1350 1864 39098
964 943 54325
939 1869 25341
180 263 51397
610 406 14842
75 1757 32443
633 750 19610
29 1066 3969
1965 1107 93537
398 236 28483
1124 590 23389
285 680 22998
849 880 28402
1037 1539 2300
842 566 84230
1130 1666 95669
638 659 15131
219 262 99179
608 425 37635
15 871 95811
529 291 46914
1281 233 42677
1391 431 44017
1143 1697 72819
1483 568 439
1704 641 30050
1575 1951 31254
1565 272 6557
1888 840 17184
1215 726 51940
1297 941 92768
273 446 20015
1529 878 50755
499 253 53918
1891 661 72549
1061 1775 46025
300 184 51515
81 136 86216
603 1039 98047
1847 1137 74222
1464 373 80963
314 513 55639
941 523 24330
1305 792 99006
1456 1681 87168
706 828 32034
1164 1737 58884
1675 17 58568
1009 109 11414
447 666 10791
1583 650 713
1708 884 93476
968 1964 4306
889 1752 66804
321 103 69170
576 377 38279
761 1347 48375
1514 316 22187
826 931 94224
515 1512 19095
1599 2002 32623
504 983 35941
1166 632 10450
692 97 36645
50 79 52472
483 1503 59616
1737 666 7800
770 640 5378
1624 1215 42256
626 535 74619
512 1188 26554
706 1924 25619
1435 1361 57223
1670 1293 46182
507 1568 38593
1969 1379 25062
95 1283 84392
433 1956 3904
734 1947 33256
249 591 7949
379 1985 75852
1265 1241 62209
1847 1387 81080
436 140 62193
1883 1632 34307
553 981 39647
524 51 8614
1842 383 77959
526 1864 39911
2015 1012 61844
986 505 22547
1220 54 42408
869 890 81895
1164 160 51173
1049 459 54631
197 957 97861
93 344 42069
1124 1361 96229
177 581 74514
1691 430 58846
629 1904 17045
1297 1545 39392
443 55 21063
1289 1160 84475
1856 1412 1482
666 677 23549
1506 1022 54846
1321 439 48955
95 1945 46279
378 1935 39748
1870 1114 31182
2001 721 80977
1134 427 61175
951 1782 27173
975 1403 78924
522 7 34551
1813 328 14482
754 1760 88033
1366 225 62859
1548 676 96866
1106 1853 73413
873 1874 55915
389 150 22969
1718 1894 44540
1662 1648 73092
1136 1855 90895
116 921 56732
1974 524 45528
282 1625 18678
1946 1687 55803
1093 245 26190
1598 1721 90280
1323 562 94181
754 399 90563
1344 1438 58947
1565 1977 37842
1834 1162 28937
1082 1116 38023
1772 1361 22205
493 675 76585
1399 843 55768
1544 129 51768
363 1875 23344
1326 926 2176
1944 918 34485
1928 1297 65472
1628 1434 48673
396 1902 31392
431 1175 91706
1915 820 16392
1693 811 79133
1398 1004 26786
992 1130 31467
1841 802 90523
1907 1525 91712
674 629 35999
1061 1209 12705
67 1427 99152
46 656 88300
554 719 35436
1949 662 72888
1244 38 40205
1495 679 28138
505 1301 9228
123 1353 77341
2011 514 85072
1795 1903 83945
40 899 38053
957 535 96927
1890 835 12176
1675 96 40186
32 1671 85532
403 1505 7513
119 1261 99017
505 678 75821
1156 1099 68132
555 663 21441
1800 1583 63229
258 1101 62642
868 959 33465
1712 185 73465
1273 1083 60446
1276 723 60151
1704 362 16019
942 689 65143
1556 1526 58160
1882 1715 46722
1532 1738 80638
1474 584 60699
1166 167 90100
572 1107 32147
1433 321 34893
1969 959 35061
892 1150 36296
1887 142 63937
413 831 27478
1136 517 22009
181 1400 65682
1769 1168 36150
17 597 31168
1820 1110 33768
718 1296 19589
735 443 28624
1871 355 84897
1396 284 29476
1053 1653 77827
1033 143 39166
1936 1076 51788
733 930 86775
1659 35 61896
445 1524 4733
887 784 87471
684 207 17608
1644 1336 81231
307 1016 61621
995 1579 75874
1323 752 46404
613 148 14487
1164 347 36284
616 196 63651
1037 1905 34126
80 1505 77542
1264 1969 21230
1068 1372 1702
856 1711 16107
945 662 41591
682 1119 33742
710 598 88402
1531 739 80404
90 1738 78103
1144 1967 32517
1216 1980 27886
1073 40 42816
358 270 11632
1778 1839 74109
1606 16 50658
1801 1374 31221
891 1935 82353
1229 187 87169
1320 1600 95170
1323 747 19987
805 1577 23438
496 1562 39772
1417 408 79532
60 464 46054
335 1438 1001
86 1689 38548
654 491 74811
638 1396 22959
495 32 59451
1153 1190 85930
261 1557 80539
51 321 82869
518 1031 91092
1608 824 39928
318 1321 19044
1408 1895 88181
779 1298 24390
728 61 39086
1208 1618 17964
231 342 99435
1402 1548 68520
1714 1062 23378
574 1756 80124
1838 1317 58179
2006 1206 42943
922 900 41915
1309 1956 72716
1379 510 71657
567 1353 78944
1959 844 61554
1714 148 58195
745 1722 22770
1806 1038 38937
1120 1739 27372
1133 575 57534
1487 2008 42477
326 107 28502
1821 1744 92847
1141 565 76777
1780 701 57618
1380 137 51848
1139 1939 58184
100 1005 85074
1452 967 28397
396 647 84296
990 539 27662
491 899 77138
939 1183 10671
398 1323 34401
1377 1357 59518
1074 1179 46768
60 1602 80793
1484 1094 75700
778 840 66778
590 504 65462
1052 105 64974
634 1587 61310
1247 1421 13512
800 217 12044
1193 701 67932
637 1737 56284
2010 1467 99052
1322 1892 23210
667 346 56335
1970 1678 439
1768 989 93194
553 149 53583
1034 79 90298
414 713 95332
1941 1500 71651
725 910 90712
1510 1527 6570
1610 735 44426
291 1507 48722
1525 1230 74581
1055 155 74642
721 707 78447
1860 1538 26667
1160 619 59869
887 431 77877
190 1348 62293
948 1331 32088
786 197 86474
1163 896 45019
105 336 99718
1224 237 11512
1136 1477 30086
1451 888 67451
594 474 30839
1427 679 56862
1102 1658 67628
1652 965 72841
1688 4 1937
1486 680 99019
310 103 19123
812 1184 53989
341 1608 69044
53 433 64848
1407 1746 75469
1104 726 58184
187 1549 45180
1712 164 1515
1077 1006 64245
122 197 45684
1323 1279 19726
1540 758 60772
1316 441 83278
956 2005 51071
593 1540 98357
1825 1573 84939
1847 589 43601
481 1890 79267
15 1829 4461
1126 1346 91865
1762 280 75366
1207 215 23117
820 1137 3625
1348 1680 97993
297 1762 35835
956 1137 70728
1338 17 52248
1860 1269 87706
1948 19 20825
146 901 13518
1953 730 71019
547 1896 6123
1432 1999 21403
486 240 26322
635 740 75418
1751 1477 63323
616 823 43522
57 1808 47861
1500 1920 54285
380 510 18595
597 1648 41388
709 880 21259
466 1548 31999
432 1383 19705
468 707 45643
1531 1690 42353
1337 2 94757
1074 1400 34155
1183 1672 88377
890 646 14134
1317 1307 87413
443 1114 62461
871 1593 14768
1237 1127 68491
1770 1103 57162
623 1051 2408
11 1544 53151
413 485 46864
439 1651 32780
866 732 65528
186 1908 42336
762 545 78500
1196 1355 50453
1389 2017 51817
1248 1801 86126
1332 490 817
8 134 78199
377 1977 9991
1728 755 16604
246 1425 34714
313 1384 86530
856 145 40392
161 433 11592
219 60 79627
663 1886 64329
420 550 13039
703 535 38902
1505 1421 50211
521 1765 9612
1597 1226 39110
2013 977 39425
924 245 51528
829 117 68441
670 1712 58528
564 563 56372
1880 1352 14672
238 269 93269
1023 1477 78578
820 1723 5310
1466 1068 63599
259 593 36896
1410 279 78612
1864 1010 21867
182 150 17034
1535 95 15356
728 1597 58049
1456 428 92599
1185 1293 33951
1704 1139 7638
1460 552 87248
1058 701 79845
1602 1370 88950
1519 654 45158
1592 1209 80629
1210 989 73750
1695 101 6736
1813 926 59129
212 1568 70624
11 657 89885
286 898 27411
328 1777 7927
1535 473 91321
1186 844 33622
1180 268 48375
793 1612 44966
1084 652 56510
1727 1690 29470
20 1151 2425
1261 870 77718
1514 1190 14178
268 575 42213
493 1626 62849
715 686 35646
1248 1175 47434
341 1591 45960
1290 1599 55930
1553 1562 28172
469 734 17998
1914 1510 23811
478 1290 45142
3 1847 34436
760 467 65681
1363 203 19627
914 1605 7779
1642 1397 77382
1508 1677 54759
903 927 26145
67 1895 30230
1358 176 14778
1679 693 88490
1340 609 46538
57 605 23803
599 1797 56239
113 996 4959
43 1756 56515
605 886 90846
754 403 5575
1364 1881 57234
34 846 37338
30 1423 68993
1959 1179 22360
855 1214 99124
641 1867 83680
1549 990 50915
1748 1279 6004
1152 1467 69974
1774 1209 67681
306 1976 8529
896 651 48177
1403 842 73644
1065 1519 35325
576 489 88595
1474 508 56523
1124 1110 54056
1963 1104 27609
589 712 58974
1805 1099 91950
57 1963 48729
1300 1320 2166
358 645 29626
93 1519 53752
1418 1804 90983
656 1043 99339
878 1143 40983
1001 219 49379
1966 359 75189
1664 102 84181
1541 1241 46745
36 1614 40681
715 767 69594
278 51 9876
689 1484 90373
419 1777 62440
430 340 57381
709 636 25018
1754 1621 93167
1140 719 10638
1973 1376 30644
807 1975 86116
1115 1729 35818
1064 1376 52919
1866 571 50232
1957 673 11058
1933 590 92275
1719 916 76441
1205 892 28400
1418 521 61178
1495 695 20994
1157 967 45961
313 630 23655
630 1796 66560
1135 1672 59926
1158 299 24191
309 861 22100
1933 1448 30890
994 767 80772
939 442 82013
1530 386 87893
1887 730 73752
1359 703 75749
575 1398 94870
1009 476 18769
1542 1517 90808
1850 674 85729
165 1582 93874
79 1590 43760
527 1493 59263
567 347 33027
1748 1034 7510
1068 185 20319
1312 1721 88795
1072 107 66946
1682 1271 48009
966 1039 58637
1507 158 62221
286 157 9617
1399 199 63961
859 477 2148
556 1604 29180
641 1556 48940
737 1353 11941
198 1062 87534
1135 462 24748
1660 1848 16040
1133 1312 58492
963 2002 5933
969 1310 82709
1696 174 35006
1280 1597 23179
1125 881 59102
322 1763 75255
118 893 30524
1120 1427 95228
394 1609 75538
916 241 83027
52 1662 42128
530 1067 7298
1530 203 16721
1256 491 60
1665 228 15418
1117 1525 31130
1228 1415 89173
1173 803 34740
1378 1989 4597
454 918 59924
1923 1440 18151
1166 818 58427
1147 1325 65417
1379 1676 27544
357 1234 9986
176 1283 3242
1246 509 55320
1334 1872 14156
1471 1455 51913
1910 795 92677
867 1457 45227
834 423 28858
757 480 5486
1234 999 19383
432 574 5633
121 1841 80887
1323 1085 9449
1120 1382 24831
312 1019 52188
93 235 88646
381 456 26490
142 1785 61199
987 579 1423
1970 484 51268
1904 1831 63589
1582 322 1085
973 1812 69104
1405 1279 30661
1367 1454 4944
1953 617 16794
1120 175 89758
119 415 66212
1533 532 47171
1446 515 87496
1384 79 99991
1321 1783 69153
124 242 81796
1163 1784 70736
1663 918 83938
1683 889 26955
1672 1857 88309
1368 527 28792
1570 438 347
1353 2012 61765
690 494 16019
2012 1438 6139
823 705 95048
1649 1567 4301
201 1616 50101
1045 871 59259
1511 1512 54751
1715 828 4161
1755 1741 98022
1045 807 7929
448 770 14618
144 1501 4803
1751 954 67175
1847 1801 76109
453 498 44449
598 201 46980
1119 609 31438
449 1292 68344
1367 1694 18650
1557 1039 6821
213 1766 76189
1955 1359 14718
425 1327 74808
1422 269 98848
1452 226 13959
989 853 27801
1871 721 29413
185 541 9646
941 1468 53229
335 1101 42897
1575 1389 22901
670 937 98442
303 381 54872
1889 103 85679
1392 1498 95920
1937 697 45179
53 623 38299
578 1885 59032
709 685 22147
1631 462 7928
1803 147 39472
1873 1770 51774
606 1785 45805
696 1225 66508
273 1008 39284
1879 713 68441
1962 1711 91817
1466 1418 99425
1948 516 45161
853 618 10972
814 676 84453
657 487 85666
722 1801 26799
1718 38 52588
766 545 90854
655 81 14497
1752 1526 45223
938 941 1427
370 124 51709
1271 754 39872
1006 1672 29293
1737 1990 1723
123 412 50515
1537 909 81556
376 1732 73241
1311 222 53950
1816 462 69492
632 552 4043
813 1018 28025
558 1437 83809
824 523 76003
1747 84 17815
534 1503 92757
594 974 28808
498 1966 25347
920 1222 203
457 797 48455
468 1910 49932
1512 295 11749
259 1530 9610
255 1140 4894
1257 545 82961
1409 1888 89434
1059 1413 84136
671 1963 65847
1342 1853 29980
830 320 4959
1006 1104 94097
1121 681 66400
1141 1900 24169
33 1490 19944
246 793 12462
32 1689 85906
1117 865 60450
1074 11 56114
610 1065 87919
33 1796 78897
39 671 13171
1150 1840 52306
447 636 2922
16 1317 22986
1897 1335 34531
93 343 55996
1421 1710 25098
780 277 86545
863 1319 78756
1675 1348 34392
161 835 64428
1127 434 96349
1592 1499 73139
1975 1994 64015
455 418 51274
312 21 75753
500 1072 90499
1225 1259 30934
1578 833 66723
1154 1355 54513
447 1108 22746
1679 670 56957
456 585 2267
579 1356 50990
1688 1443 90759
239 1903 32960
1254 1954 87716
102 1675 21431
1756 280 25523
808 1488 42351
329 287 20103
181 1960 46270
1749 1399 29468
578 284 71523
870 2013 93764
314 697 41067
1307 1734 6025
564 1320 72840
1387 1289 10365
1661 1379 35168
1277 1574 82911
485 780 7818
1321 1999 16698
899 1805 39313
282 1646 69401
475 771 46565
1028 33 4494
182 1518 24422
399 187 92573
505 579 90453
579 25 63999
1879 1140 9016
1358 231 34707
347 1425 76574
1746 677 5579
1521 930 66797
193 748 49113
333 800 71073
222 1625 41646
159 1071 75865
1840 1449 92474
853 1729 20549
670 1127 95017
1357 1842 55706
525 861 96676
1913 1078 5030
444 1603 75173
1819 1792 32055
429 1067 35456
977 277 88324
1951 300 66525
1220 304 13022
1400 233 131
1813 1473 99315
1944 420 99746
1202 559 58591
1503 1500 79947
1460 504 2530
205 1444 35937
1815 1704 66993
378 1478 53837
1558 1139 14834
749 1380 47720
1788 244 39912
814 701 70867
1308 685 70334
118 1358 58670
584 1087 77657
1505 769 73227
34 1068 71753
1810 10 61880
1353 283 25011
1048 1648 80450
1524 1023 8432
1489 1163 73152
128 230 71042
1642 832 57591
1355 646 99189
1281 1681 79416
616 919 4939
302 13 8563
1208 1009 69869
351 1027 66965
537 898 29926
944 754 97470
767 119 17743
1709 656 37104
966 968 90180
1141 280 20340
1602 55 95234
945 890 50767
1588 54 55270
405 1526 34942
515 1807 65962
1401 646 34217
1474 1606 68414
1479 995 11973
1564 964 6423
1802 1583 60814
1612 596 26157
1651 1161 72361
1911 711 40242
387 1989 96461
1535 1428 10562
1700 1774 27287
1471 786 46956
58 1326 53976
103 705 93523
573 1786 80449
78 1253 31373
1478 1649 2347
43 243 44962
318 1482 8911
928 481 21182
1713 707 4338
1122 161 18454
672 1576 11578
1609 1746 40092
397 1344 25136
1665 892 39803
1650 980 43361
36 772 93026
1246 19 52356
1872 1465 66625
1284 1969 67196
304 1747 13497
970 1570 63567
98 1582 54005
565 409 32246
1716 720 57574
997 245 34233
1656 1485 71879
1261 1656 12927
1886 809 47640
2017 1073 82906
1898 1162 37216
453 1427 81287
1360 494 5110
910 721 26461
1566 690 23207
1770 1675 25550
288 1878 46505
1239 997 16168
1622 1874 54712
90 1295 8575
1179 549 85555
51 1328 94623
881 10 5864
802 1159 37445
1817 1915 12052
1044 1236 38190
1426 1376 39297
1118 280 66045
668 1305 44124
635 1836 75533
745 1772 14077
1970 177 79155
206 1808 96122
305 1190 88806
463 804 82730
1649 1746 51153
1296 1099 62024
1774 1070 58395
1625 269 10625
125 646 78553
1438 235 14873
1823 1456 81099
136 106 71116
838 1495 67995
1925 423 65448
635 122 85756
1372 1054 80379
1425 1669 85354
185 494 56614
335 1511 28891
1580 2005 50378
345 1491 5616
1604 692 96328
1375 1876 33576
1287 1613 77882
1428 1915 82505
419 489 45331
1208 720 10069
1477 1930 88113
1971 434 66229
1128 428 55629
1595 56 58453
1552 564 45464
1180 1193 76719
1472 993 56650
869 1220 57274
1397 1044 3256
778 599 79299
1624 75 93432
435 554 56862
722 621 34713
1876 1963 8259
852 1516 85999
1686 1380 31724
131 1266 36127
1911 53 71937
928 660 68672
654 1757 39584
130 925 63371
214 1169 45537
388 1940 30752
1266 1681 92050
1253 1045 69459
1519 1020 31918
1438 956 63513
184 450 34809
1303 737 65446
1595 569 95252
202 640 31511
144 796 63218
562 519 36231
855 1852 90421
937 191 48082
12 940 73544
1764 660 9996
938 1313 89628
1883 559 82117
1447 1069 71190
844 1122 68891
920 359 45527
1284 660 30641
1567 324 74736
2004 1937 37769
1022 1800 5513
1254 829 83638
1029 503 89609
646 475 17112
1648 1826 60645
1831 1350 87993
963 1824 31734
780 630 88403
1664 1824 72351
17 876 78739
2006 1296 4151
101 180 62576
1072 1287 9700
470 1179 56643
885 1635 38494
1290 1762 19529
658 1991 95697
546 1852 70874
1850 1876 32465
1649 1488 19488
533 1286 96584
627 568 99718
1789 991 64371
1442 1689 83094
1384 1593 89702
306 1512 85030
1847 794 5767
132 1234 96560
436 1059 20026
568 728 18161
657 1684 41340
1155 1763 29774
562 931 12824
920 148 73868
1072 1735 31661
1920 1614 57264
1066 493 38098
604 1801 9710
739 1042 51496
354 1330 14895
376 477 86352
189 1134 45402
732 1409 98872
844 1256 33211
693 336 78398
1841 1786 27553
1872 1133 16164
1216 1493 41631
919 947 13035
856 1326 19672
834 1720 49054
1427 1319 1719
1749 901 79322
1351 567 95205
1282 601 21440
1338 1710 73075
490 1102 91833
937 1318 18538
224 957 71961
237 300 31730
933 1287 4183
1168 89 30260
35 943 74447
215 1874 62020
650 1622 2490
89 295 94987
1161 1021 72421
8 1053 11493
188 1659 9653
940 1396 80062
1640 1240 29380
879 1028 81722
610 692 44192
1243 1835 96753
58 1782 57918
915 47 26963
909 1298 70217
833 1740 92910
576 1608 13430
800 1198 6116
1840 880 6928
1175 1161 17774
461 1347 73956
1922 1397 3913
1832 521 26200
599 910 84203
1227 1003 84061
1843 676 87997
247 1618 59425
909 164 36524
1714 1227 55000
1172 1464 79358
1571 763 12667
1803 136 89300
656 1496 18804
487 184 95015
1776 1892 16540
945 585 12111
1725 109 54205
1591 1234 46706
871 1060 41786
443 1357 58274
899 940 87957
1271 1380 34610
1934 1961 26907
1596 881 14774
1828 656 94168
1856 691 17778
1244 1718 56049
963 1527 56680
1245 1198 57985
1403 2016 36340
490 378 46923
1659 1721 65560
95 1971 54993
1408 887 23825
389 1610 23758
832 1571 42517
1756 1340 95606
270 1035 84369
1068 1571 27178
1014 107 20329
1362 148 97552
1788 1926 91727
630 974 40497
951 537 22287
84 1651 58903
504 1333 45491
849 1565 10250
1041 1327 86581
1847 1571 61217
254 931 79892
1169 1143 15083
869 1742 34007
105 646 6024
364 1052 11633
491 516 83437
119 366 40739
1102 374 94065
1573 147 45588
814 1407 89121
1651 365 12458
170 1378 85391
621 1996 54379
265 1021 26440
913 1959 68626
691 1214 35119
832 219 73419
1040 183 29255
685 975 28605
1645 1877 54005
791 1481 90475
1513 1456 10081
1510 210 48509
1184 1459 40428
76 454 22305
1099 1289 5990
422 1524 22591
1498 621 18884
269 1298 7172
956 193 8369
712 1035 71193
1160 1095 77436
674 1125 14054
2016 1641 43127
1165 1252 67354
1748 1929 43560
476 777 85269
358 1021 47938
1020 502 52309
1086 1994 28404
1325 482 50933
1304 1922 20902
1873 1687 14673
1345 229 64750
1085 773 19141
716 1121 49362
1565 1774 97143
29 626 66283
778 1095 26900
1562 1857 24816
1340 418 6209
1346 693 95528
489 1693 97095
1477 1693 29744
1691 1293 53348
883 250 77113
2002 1652 85553
769 903 11397
1030 572 13410
1832 721 67496
191 1871 1590
1631 1041 30331
131 35 85655
743 65 46459
1665 253 10053
291 1110 62600
1029 959 96998
1270 77 27169
1691 1270 82680
995 381 46918
1480 144 60231
351 339 89678
1632 1258 8147
1961 1475 45547
548 997 80599
881 1837 76746
1836 696 39966
1493 1355 20375
2013 358 92900
1978 1733 90800
1798 1233 33735
194 408 70004
1296 4 47868
947 1396 42970
461 241 71904
950 1186 28836
725 44 16633
1699 164 45699
1370 100 50042
456 1789 30363
1121 770 3827
1801 1820 59246
1110 387 2660
1924 1651 64661
1733 1603 52458
1334 809 15370
21 410 58188
227 974 76714
184 162 50807
61 527 30911
1827 476 77015
506 839 43686
1414 1056 57046
715 1768 14155
538 1550 8359
1890 1021 53084
790 1582 65018
982 1874 22381
126 1720 42129
1182 253 89666
872 347 47605
454 1576 48428
225 655 76865
1604 1027 71392
1356 992 55498
416 183 3480
267 862 92212
1618 1423 19209
503 1696 54073
1482 948 54774
810 1615 70233
1948 675 94836
1340 314 93774
1501 609 68034
998 1474 58604
412 685 77772
1370 1885 12975
1145 1255 74901
805 1527 52983
1410 712 51626
777 487 89993
667 882 83023
706 110 73294
1595 718 10988
607 926 47038
1598 1423 81462
1288 1737 8367
1905 101 74663
1054 528 78260
1672 1486 20581
70 562 9724
1348 785 34079
1787 754 72261
472 791 96233
1761 692 46845
1852 691 99615
1222 839 74439
1477 1826 96205
430 1843 99486
1454 1412 32587
1993 76 89919
2013 292 63069
107 1087 37097
714 1992 10683
711 1164 87951
864 1181 69552
870 1189 2088
1951 222 4650
1911 1679 69378
573 1446 85512
1977 1014 63939
1082 700 15220
1658 992 26776
455 1598 18972
296 822 99897
705 1728 69893
57 1366 15610
837 786 64317
68 185 74598
1532 655 71125
823 253 44195
1571 1320 16349
557 317 29497
2002 430 61818
856 1998 92529
1205 1570 90644
2008 1531 8343
683 1139 88830
228 1245 11983
1062 1743 31461
339 1504 90457
1982 1894 4951
396 1716 67401
1542 1518 89286
794 1681 14566
889 801 21820
1842 1456 95123
318 127 18053
1274 984 26902
928 934 41244
1119 1992 8670
1541 1388 68942
1674 117 64203
1883 504 61715
1557 1150 57376
680 1920 94994
467 1196 27348
1469 537 91454
835 1465 28967
1047 1727 6698
1724 1197 49545
1927 251 82837
743 758 52546
935 809 14273
1246 1582 12069
214 692 51711
447 1507 82324
540 869 65944
13 1718 68108
895 1153 54728
1511 1958 82079
839 1580 68780
762 98 13666
1281 1872 1847
367 1104 53136
1281 1195 79451
874 1621 78477
554 1662 1156
821 709 50837
927 283 88236
520 658 36496
1497 609 2383
1678 1300 67008
1630 343 63668
282 1614 35083
999 510 87571
1699 700 99326
1296 1956 93245
1077 977 25403
1579 1899 15553
779 1174 89568
273 492 84874
1931 1777 74931
168 1708 817
1656 627 34797
176 707 53406
251 1145 83292
1298 411 81434
998 1114 7051
330 1272 87523
1584 1136 53528
1279 1275 72938
728 722 1681
1380 1269 8239
1834 1105 17046
249 1794 4441
50 1709 57235
841 1964 4457
1511 152 94169
1307 279 28415
640 36 23632
927 1250 27857
1962 676 38931
1644 1059 30445
413 296 78019
1624 192 84198
899 956 46720
356 770 87937
1692 1848 78700
782 944 60394
1602 32 82026
195 631 97947
221 1458 3651
1071 298 80521
1345 873 20992
1333 1462 86549
1259 115 83489
682 746 93023
1521 1601 49211
1899 1880 94071
447 977 25202
822 263 39935
1125 692 54293
2004 221 96111
1525 20 33411
857 1537 29848
336 796 53775
1528 1948 89319
1506 642 49260
1887 1843 78651
1217 708 60103
486 251 72760
86 433 64802
1538 143 60993
169 197 99227
1822 1041 85924
528 1587 94116
1174 71 75088
307 1635 65542
1633 1738 82505
332 524 58152
473 1970 50404
1983 70 44317
388 526 9081
1858 171 24650
1356 1081 87634
158 688 10861
1733 1531 29454
404 1183 95096
1689 833 5168
83 1710 65756
1277 1633 802
210 963 61221
53 1837 55129
765 340 62081
1028 1716 64100
591 1141 77968
331 1352 66230
728 900 20938
1839 874 36334
46 1415 55288
419 609 12383
324 1051 92018
242 946 64188
105 720 57990
288 1710 14599
1296 166 23652
1082 1669 25215
1022 1105 8159
681 1808 36093
1668 1750 34104
446 1292 32726
95 533 11085
1795 478 51703
968 1287 35791
716 1807 93797
581 1131 39505
793 1745 62354
1727 216 94453
1180 177 18439
1187 316 74544
1437 552 76190
335 573 283
72 1788 70983
1182 661 54975
978 732 88061
1714 123 56984
1774 1196 67285
633 229 96500
1140 895 86866
1197 1148 5507
537 1684 95611
1987 1313 69074
2019 293 16415
1269 1039 71222
944 1998 38902
1211 732 59513
1049 1140 64911
728 1810 30346
466 1281 89225
135 1299 48112
1120 1083 74747
1034 1971 32434
236 1780 43157
953 835 52983
783 575 51248
1169 1426 79262
273 682 48237
318 733 47222
1333 418 75766
1290 732 2997
2007 1301 51117
816 1147 43172
170 1087 20723
82 422 63254
1551 904 29426
1419 1721 51677
738 1682 21783
602 1009 55477
542 1388 90413
1553 472 33675
237 1789 19418
1512 1393 48662
1644 1667 49880
840 527 60663
318 1713 91240
138 1982 18960
1375 1745 35091
1646 1034 56757
1826 813 90789
917 62 21065
1368 160 48400
279 1552 22994
1399 92 48308
755 553 91632
1646 1268 50385
470 2009 6307
1165 965 1210
1513 1623 99844
960 1607 26811
670 758 16787
1076 231 91367
1945 616 40488
1893 1994 40748
431 219 79408
1093 1340 31709
1268 1012 31752
103 209 69999
1674 402 50170
889 1505 99794
724 98 74324
253 862 73112
1938 1161 34225
110 171 80729
1848 874 50143
658 1041 85043
942 1497 80867
1202 840 17318
25 1442 83964
863 1595 84702
1560 34 86487
1237 1423 63254
1538 741 41148
525 1110 93150
1579 1772 39937
599 143 47604
1564 1904 90863
136 1926 30679
1097 1413 18763
1976 357 6209
145 256 62494
704 102 31773
1900 745 82628
768 114 47412
1227 116 66474
890 497 11791
1552 650 26416
1888 1416 95688
1792 1015 59501
1028 863 27371
831 44 6131
1822 987 20571
864 22 21426
1894 1311 99971
1312 297 31267
256 76 61243
1095 1032 89050
256 1328 57942
1844 1431 65073
1327 257 32100
1733 89 88788
932 1206 51844
1614 1224 83804
667 829 58317
120 2020 67649
141 1679 42337
1475 1083 58075
636 1920 55785
1454 464 6603
255 1526 78866
996 5 98797
1982 170 93041
77 738 7912
395 1340 47325
1641 90 39558
1018 1242 11079
676 84 68600
502 198 93186
479 622 67040
52 889 46014
1843 1685 46016
1314 118 50608
1752 231 13764
581 1857 63134
1322 332 69898
585 1690 45658
1122 1772 93500
1721 72 86413
611 1127 70210
210 1023 54127
414 986 63742
1978 1174 73391
774 1677 72982
1447 1256 1776
404 1396 74655
296 1868 71414
1615 1098 9586
1672 712 70116
1150 1034 78938
241 998 47069
2007 849 92447
1854 1542 73231
1849 1070 89987
546 729 53783
672 163 6622
1699 935 61993
1568 217 75253
1460 218 23054
688 1968 61070
1946 336 63762
1495 1161 31133
1553 1834 93933
264 479 75903
300 1079 82091
1007 1792 56872
539 1207 20071
1418 1938 42744
426 133 94888
994 42 24056
1619 1356 82457
296 1138 86997
223 406 59177
1877 1549 26950
583 649 74900
636 1444 13278
1730 513 83823
98 1601 37372
1433 1382 24318
1546 108 99885
309 1467 47059
1596 172 90043
307 1363 11358
761 83 65895
641 1436 93401
1010 1551 28075
900 9 22334
1751 1951 27772
753 65 29868
337 1759 16685
762 239 30291
1919 1472 69094
237 592 15499
1426 283 39361
1956 540 83104
1168 1107 82692
180 1425 7464
1696 1222 73021
764 1901 98082
2013 1571 29817
1302 1445 1081
386 1967 38355
1012 1479 66286
883 709 75117
1269 1370 21903
992 468 60901
1153 288 31900
1468 220 87783
1972 263 42988
876 608 18447
1924 595 71759
554 1978 62956
625 754 15993
1550 1753 79577
886 1989 86134
1455 1750 21919
1612 644 40605
1049 666 85953
1516 242 38802
729 417 42462
1017 1805 54705
1105 1203 32329
556 1138 58242
933 849 10334
2003 1905 68920
306 42 77514
63 1338 56580
411 1141 84716
828 311 9012
285 642 52476
1931 1651 58682
413 1055 66313
696 633 89051
1275 1022 60905
1254 49 43541
324 81 31912
1086 289 12879
1260 572 38486
360 1661 64374
992 1471 2733
1790 1804 98324
1522 1841 2869
426 157 35127
363 1823 97868
936 1192 2244
1831 1877 36977
1436 554 95985
1590 314 4452
1004 1799 63751
635 1129 35871
778 345 96384
1199 30 60032
886 19 33030
1535 193 48326
164 1993 22217
179 949 93138
405 713 69862
336 1140 5395
491 1836 94404
565 1496 92691
436 1915 73721
969 238 68484
580 1277 42780
400 279 76258
1876 1194 78135
653 1104 48278
1951 431 77980
1623 338 30400
875 1533 7540
564 936 3829
581 505 54028
302 320 79597
234 948 97171
1208 188 40584
1832 403 84930
1684 279 96905
202 873 20223
883 589 90015
812 1509 37728
1131 1538 17744
261 1022 21936
1133 1798 73618
1153 998 52329
1057 1122 7025
1919 1454 48132
1569 1091 70273
1073 1578 26924
1809 1873 78222
758 1660 1281
322 1596 92545
471 1464 63425
729 1293 28758
148 1496 50693
1364 747 81548
1430 1816 797
1157 1287 95939
1636 1695 12720
1965 1003 52773
1197 1206 23935
1835 1154 25627
917 1418 75420
1872 256 20776
844 96 44093
1654 90 44123
401 1316 30206
813 530 65576
698 826 70802
851 1283 13462
1773 494 53859
876 914 77856
1888 228 41422
189 1600 96292
1958 1550 31312
1730 407 76552
183 539 20867
79 1051 10974
485 669 42911
1900 1449 24849
1978 222 8176
369 363 96878
1284 1891 74939
1892 1517 49907
611 1552 95283
524 1706 58956
723 722 75103
467 377 7723
932 1978 72504
862 1433 99628
858 187 35224
1581 606 56906
918 1719 84417
764 442 89820
1381 1300 94589
1032 33 66000
1626 1332 8121
1335 28 35025
684 599 56111
1639 1001 19488
240 889 77217
1491 302 29610
1049 881 83578
335 1919 29076
1602 119 81245
1328 1070 75668
505 1548 88623
1459 716 36504
1522 628 14244
1832 1853 34837
1938 1634 64101
1089 264 34396
1524 1317 60875
693 97 58925
785 1414 89587
1974 510 32523
1798 441 86933
1447 850 77856
1630 2005 99699
1184 1640 53632
1677 1077 52833
582 1142 37687
53 843 75357
15 1389 84288
1630 755 83512
1614 76 68204
937 1564 41062
837 1444 35562
1535 1296 80506
1698 924 84621
2020 325 6365
635 1035 45618
1989 835 43404
1942 526 38336
1119 276 10185
1908 1402 69749
190 1486 52616
1804 33 73037
1351 200 86409
1542 1507 21486
838 1667 24425
902 930 75746
173 263 30320
1808 468 16911
903 351 54073
1430 246 8312
258 466 52517
1919 1964 50195
1083 873 8769
1821 681 89340
1103 1483 9468
534 682 5464
1395 1023 4437
989 389 89744
1581 925 26907
2001 1167 17489
1093 711 23681
217 1276 2456
341 841 6804
350 919 12609
555 1574 93916
871 1630 39258
603 1990 85890
1413 264 364
468 1962 6352
401 1127 94725
277 795 65611
2009 1450 84047
1940 1261 37867
657 764 14170
551 1825 3994
601 943 27511
1072 531 28845
520 1084 23952
153 1955 99871
586 1452 2102
1710 1231 92470
1598 1559 84122
310 426 8172
1697 790 55993
1379 3 53012
1332 1979 12940
956 1486 87350
1929 1219 86494
712 898 42318
279 1667 92836
1701 680 29678
1725 908 45707
224 1406 45080
372 1558 2732
1897 1215 17026
267 1275 20866
1565 940 98652
762 1728 54980
1894 1845 315
296 338 23064
1221 1468 86472
1327 1912 64644
974 1754 8316
877 1560 91213
148 1023 80322
772 1715 87815
1383 711 31101
185 1972 58589
1527 888 5325
780 201 47373
728 906 7883
1110 85 11484
439 1187 16447
850 1051 44063
687 707 54310
474 903 20391
532 1404 20297
220 1683 30750
483 1136 59710
1713 173 21983
665 602 170
1640 195 78846
822 894 38513
1211 784 48793
431 665 56568
756 1345 63732
510 354 13164
664 1755 28120
1451 684 95380
102 261 77399
1781 1462 38180
1202 514 94724
1108 808 77906
1025 1987 54475
349 1741 58489
117 1816 43323
1533 1785 70953
1455 1315 70689
2012 1988 68848
498 1339 37517
1488 1962 80197
1282 1546 21635
410 1664 37651
668 142 40685
764 1893 32047
219 574 1428
22 1820 5742
1386 1929 95403
65 1442 82013
10 1659 39036
1279 1983 85807
1067 1778 61702
1291 1361 52836
1 1902 9770
1812 1935 37154
1381 1828 93991
569 18 94431
388 1867 18875
1655 1458 13583
1490 1829 30064
687 1171 23138
1017 890 21984
71 1155 56858
133 1525 46618
1098 1410 45543
1678 1370 9220
729 1980 44702
1128 1121 29894
549 1243 24029
567 1295 99507
809 137 49933
795 1346 9395
1778 1418 27568
1147 999 71358
653 373 71728
1665 420 87670
291 1521 25313
1375 1401 42500
571 1782 68863
1623 60 75920
1567 560 43852
1902 221 66515
637 921 93477
93 530 87456
988 1909 58744
84 607 92885
978 604 62011
1961 1866 52608
1946 27 77670
681 1350 22222
1336 275 30310
160 1038 61973
1335 868 31841
38 1449 56970
237 1857 64951
1762 854 29800
63 1151 5190
599 903 53532
943 1039 38437
850 1844 94682
1494 1961 98040
1005 208 64585
988 1904 50674
665 87 30651
1181 1199 12492
711 1256 42476
86 1669 22496
687 1971 50467
1222 897 70099
1160 295 61211
193 1325 78231
1707 22 18337
1153 1614 85105
1455 547 44495
751 1000 91517
1990 651 63769
1616 1883 7522
178 886 26442
649 40 68889
233 300 47634
291 115 56428
858 1024 35801
129 909 32686
247 1866 39796
109 810 75469
421 293 57761
1462 275 8407
1961 1484 89209
942 434 21129
691 1604 52063
1832 930 79948
755 1701 59330
1198 1286 5624
1383 1789 66832
310 549 56825
252 417 61490
942 657 7282
1549 657 49303
950 1252 24254
2008 42 52575
942 975 5761
1084 1024 8837
5 656 31344
1475 1340 72748
380 508 68361
865 663 45564
1311 598 42739
843 339 38971
529 11 71230
1492 1016 21493
1693 1288 27865
411 1161 35752
175 143 24267
1308 459 91848
18 1420 97858
269 292 8953
998 1392 71522
1742 1175 43826
1451 1066 36760
57 1149 94904
735 1563 54125
131 1514 78136
81 1085 42927
1907 167 8267
447 280 66872
1410 1659 10770
546 1659 88543
1900 792 63970
1228 145 17153
905 894 21836
1604 1858 59495
1128 399 88823
1572 1436 42917
557 1941 57167
110 183 98055
